00224342414104412130203220114130140420321441410223
44210433242211201221423341232014110032143023320424
34430001212203400410032101240334220234110221022024
31024430302114041104342331301341442024243211000224
29802864719006435370034312344321707152384418124489
33014420314403101123402222341214243410334023431414
30244004341434422000244431302001003034032422023333
42302443122040332022023423141430113443100104424322
44102211442111441010231322342330200012441443143103
62872975696044232939943708779060553997080013556267
43240432012131414023124310200231011104413433300301
32302414034444341323042201342333420201202044223412
30231331310242001342122214220143020004042123033331
34243240424230142104020300042231102311143402310143
42809872201804896129801178260981739141936493287288
11411241340423101031224422431213122434331431214143
00123134142103423444434313144033131234221011334030
01103344024141320413213241343222131133333124202203
03402034323431340241132142241123440121234312000323
16064195875497179564578605413069076567322479374839
34112210010401321044240201323102424133201440024310
02202201244243240232422430123204401013440410041114
41022001202014012404201130021141333330202010141000
00130011203144200301131402211231330434302302014103
23011778538944374205431143815183611303443314163773
40124223421440320333421024403203241410310314123202
11041114204411220132132424202204301402110032212113
20422421113343313112202422010130443304043333241403
31420320131434334012224210303230410440422024300210
92243033647241299042854507532478112113538399396490
33414403321220330034134010413412013123114110203120
42224134010231314042414430130332001444000101440324
40004102000013044330443113313344342111041220412141
20413121334132432234412332101314231204000302210101
39935701620804907992191193831556723911690074986481
44213002101311144102002201303003032043301140100333
31200222341420041032320113121312424302321330202420
21000310231204324341411212330004042443022321002044
11303431140324324244200112014414032303032141342430
18111012506981812441986406979157855790563829326702
00240041111420134141024324310103342401323244342000
33441200331003403111431414433342314122330011033214
03430011001414302313433124442100311014134112214331
40342122420004420132210313012433014020311101324440
59133402357496045309442493421065789600544016596565
11324101124131422034120134144214324314122102001230
12202044141242314424012143143232014004310212412201
23442011032113110030101041312133432312342310404124
04030013242204120443401222304341321021433334221103
95696172021592807619132210655242028520900176731047
11330310230424413212440142020104404034241421302032
12323040420422330102031320441433444303201020412241
32121313143420430121102011022402204110244043222031
22332221243204323344134040032334014310301204401441
86862665249385637895758699904201641789566316679006
04120310242421344002211232400102314311124243442402
10134132113040220411444021342144313332404113420423
23314244114411303121120033040322312311432411421220
23242024424223041124043331301241404132004014444424
77351573252323398658254620567247079445376973206535
43401032111430444212420321144101034133243223041034
33220301001230032202303304414303321330301024322321
02420023141321311004003311222440442200121331140421
44201104320424034433403002444341210112423021222402
99873766356034604149823598173243691902978022032813
23040214122443141112321432204012112040322422012103
34442411230202434041434011440231201433230324304411
40300311103012023031104242231200440133004420214234
00013433042111232400322014444204401402142221432110
14573140101346552750168090017474548054586712855012
02233402110233310031320331030212312212030041434032
32302021342224204240041422120141012400314431442031
03420302342200322412330124003424013103302043440341
24231333032113130432131244034103131103023000431041
29073185434727818656672025480877506236516881908734
40110422421241413002423444244140204114232124120011
42134020223322222034004111211010302241140334021432
11100003412144142001211200142141210412113323001131
42132220413002344024022112210102031140021123022222
57483320149326942296392654729447939534327703014162
44231413412210043032204243122320220000210003024302
24122122234131024040214423202413131043042444334212
33102130104004421102312123203144240222200340402330
04240410400134104124414222310141133412420414341341
21885571181880977988267767381334191709671211302286
21143311120030243110222140241304111130020414400124
34000022242041331340302300332303023101404202414244
20323403140421003404030013300042430434402120302332
20124330301024023341443402022423331214322311314003
28875062079502622880537768885845397420834215023566
23444021403443441331323332441011224403020234224201
14140000141200402323044203200032044103042440422114
24300413240423331124233302233120041024031213412013
12141013422243243001330021443131333443241331433102
34731785998596919531284517116126983558443144842787
22230201234420033010242301102324201313102331341132
31110223041032442313114121212233100240020020203300
41410000100421303043102314013442123324244222424243
13023214130014031142110240024004142332031312421003
04903277051256747572069538139771700793639622434508
